# Fix print output for fix def1
0 -0.0271406807861881 0.0543018205317981 -0.0326058117929156
5.00000000000047e-05 -0.0254439277919298 0.0560865952578477 -0.030800497457796
0.000100000000000009 -0.0237440444271502 0.0578627964532725 -0.0289862874136142
0.000150000000000014 -0.0220609820990576 0.0596072464606618 -0.0271853738333194
0.000200000000000019 -0.0203974219281143 0.0613154048752468 -0.0254015875601433
0.000250000000000023 -0.0187554482628504 0.0629834097422516 -0.0236379601597034
0.000300000000000028 -0.0171364465378952 0.0646083777926356 -0.0218966380688512
0.000350000000000033 -0.0155417981310782 0.066188279176809 -0.0201793837049252
0.000400000000000038 -0.0139727037495382 0.0677212589431034 -0.0184880887999734
0.000450000000000042 -0.012430103224369 0.069205988458053 -0.0168246232589819
0.000500000000000047 -0.0109142650845429 0.0706422016910132 -0.0151905602149316
0.000550000000000052 -0.00942494111975227 0.072030677588816 -0.0135873905646536
0.000600000000000056 -0.00796129786126757 0.0733733385285103 -0.0120162220829542
0.000650000000000061 -0.00652179441301561 0.0746731743750026 -0.0104776960649029
0.000700000000000066 -0.0051045613889555 0.0759341979309613 -0.00897216666973524
0.00075000000000007 -0.00370755035958081 0.0771605634491255 -0.00750001550787861
0.000800000000000075 -0.00232854900297413 0.078356256783807 -0.00606117942438497
0.00085000000000008 -0.000965259705853051 0.0795254789198159 -0.004655056914736
0.000900000000000085 0.000384535896064229 0.0806722638523686 -0.00328035858370953
0.000950000000000089 0.00172295752843242 0.0818005108723677 -0.00193479639917829
0.00100000000000009 0.00305226631459294 0.0829140265120134 -0.000615467629141115
0.0010500000000001 0.00437492319374596 0.0840163451099031 0.000680760438133217
0.0011000000000001 0.00569319038551104 0.0851109701909411 0.00195732140882184
0.00115000000000011 0.00700911493492539 0.0862011822330674 0.00321732449071483
0.00120000000000011 0.00832464702442056 0.0872899175805016 0.00446325024513414
0.00125000000000012 0.00964140272155188 0.0883796234933318 0.00569727292646985
0.00130000000000012 0.010960375178931 0.0894721247089616 0.00692127278634197
0.00135000000000013 0.0122817965535475 0.0905689380436414 0.00813707444169532
0.00140000000000013 0.0136058437943712 0.0916720498393597 0.0093470300878029
0.00145000000000014 0.0149331154872918 0.0927838076279253 0.0105538160364819
0.00150000000000014 0.0162638745640833 0.0939062787214383 0.0117601184336418
0.00155000000000015 0.0175979558652528 0.0950413198936098 0.0129684459760905
0.00160000000000015 0.0189348028704893 0.0961907897508139 0.0141806091421175
0.00165000000000016 0.0202734482464586 0.0973561508342237 0.0153979502793399
0.00170000000000016 0.0216124264389814 0.098538209351891 0.0166216054183041
0.00175000000000016 0.022950320076881 0.099737196866722 0.0178526905733956
0.00180000000000017 0.0242861227036839 0.100952807551602 0.0190922181748494
0.00185000000000017 0.0256193754724376 0.102184116851697 0.0203408427055248
0.00190000000000018 0.0269502390874416 0.103430065274585 0.0215988076588157
0.00195000000000018 0.0282792497696967 0.104689633780326 0.0228667674748074
0.00200000000000019 0.029606872995475 0.105961243980602 0.0241458267455205
0.00205000000000019 0.0309335147899035 0.10724291190107 0.025436589837419
0.0021000000000002 0.0322598957561391 0.108532431353025 0.0267394319171492
0.0021500000000002 0.0335870238491962 0.109827251317895 0.0280547014764779
0.00220000000000021 0.0349155081725381 0.111124722006899 0.0293825699174858
0.00225000000000021 0.0362452128225996 0.112422787850138 0.0307231229991127
0.00230000000000022 0.0375756445464727 0.11371992542799 0.0320764673889711
0.00235000000000022 0.0389063236759984 0.115014477276426 0.0334425353632687
0.00240000000000023 0.0402371472683574 0.116305115895892 0.0348209971227011
0.00245000000000023 0.0415691979961573 0.11759090536119 0.0362113316173317
0.00250000000000024 0.0429038756348893 0.118870340939472 0.0376126011844802
0.00255000000000024 0.0442426679192712 0.120141795004867 0.0390232392036823
0.00260000000000024 0.0455874577838028 0.121404468948158 0.0404414629204509
0.00265000000000025 0.0469408031852728 0.122658162703578 0.0418662851644344
0.00270000000000025 0.0483052675484175 0.123903609395931 0.0432978112392617
0.00275000000000026 0.0496823935961892 0.125142110029211 0.0447360882119555
0.00280000000000026 0.0510725426587621 0.126374905766079 0.0461805248269069
0.00285000000000027 0.0524753453555956 0.127603599266943 0.0476305943603055
0.00290000000000027 0.0538899907266626 0.128830295646185 0.0490862133689691
0.00295000000000028 0.0553157018060574 0.130057248041783 0.0505473812985907
0.00300000000000028 0.0567521072411136 0.1312866996299 0.0520137073967478
0.00305000000000029 0.0581985970939755 0.132520471327372 0.0534843328496487
0.00310000000000029 0.0596542899592343 0.133759670198934 0.0549581182036106
0.0031500000000003 0.0611190148722023 0.135004674081567 0.0564341061151971
0.0032000000000003 0.0625924575645476 0.136255426668611 0.0579108353889788
0.00325000000000031 0.0640733848494559 0.137511560880041 0.0593860792296466
0.00330000000000031 0.0655598915556419 0.138772231145552 0.0608576286766376
0.00335000000000031 0.0670496004028819 0.14003618361523 0.0623232334335487
0.00340000000000032 0.0685402489199774 0.141302381338433 0.0637808091371185
0.00345000000000032 0.0700294202915909 0.142569285034209 0.0652285796938561
0.00350000000000033 0.0715146861300479 0.14383433334085 0.0666649472828744
0.00355000000000033 0.0729941698885085 0.145094704010472 0.068088632025463
0.00360000000000034 0.0744662577385947 0.146347762930745 0.0694984826286252
0.00365000000000034 0.0759295660331326 0.14759089349569 0.070893434836158
0.00370000000000035 0.0773830491522774 0.148821547294711 0.0722725389512848
0.00375000000000035 0.0788257322708286 0.150037562605776 0.0736349273667768
0.00380000000000036 0.080256631209172 0.151237467083319 0.0749799428996891
0.00385000000000036 0.0816750045206344 0.152419642099831 0.0763070153822408
0.00390000000000037 0.0830802360097908 0.15358266373474 0.0776162586711085
0.00395000000000037 0.0844722752145316 0.154725964780601 0.0789093417515172
0.00400000000000038 0.0858522562702667 0.155850529422599 0.0801887525661887
0.00405000000000038 0.0872215378463468 0.156958307557691 0.0814575568876522
0.00410000000000039 0.0885808916572126 0.158051530880748 0.0827195663616341
0.00415000000000039 0.0899310726924354 0.159132503176311 0.0839782677201728
0.00420000000000039 0.091273071587888 0.160203663337284 0.0852368228102153
0.0042500000000004 0.0926081631076917 0.161267612426725 0.0864985892747011
0.0043000000000004 0.0939375631950023 0.162326969122719 0.0877667876703251
0.00435000000000041 0.0952625441142587 0.16338382029579 0.0890445682861069
0.00440000000000041 0.0965840248876887 0.164439939407636 0.0903347914846825
0.00445000000000042 0.0979027613488725 0.165496974109097 0.0916397088532115
0.00450000000000042 0.0992196737189291 0.16655652849982 0.0929604602094668
0.00455000000000043 0.100535706122131 0.167620217205481 0.0942976303629116
0.00460000000000043 0.101851967044017 0.168689564941768 0.0956509805152272
0.00465000000000044 0.103169720775468 0.16976553935145 0.0970194214554961
0.00470000000000044 0.104489316155422 0.170848421959109 0.0984010955269925
0.00475000000000045 0.105810174324136 0.171937774801613 0.099793464039687
0.00480000000000045 0.107131691708928 0.173032543158952 0.101194059825577
0.00485000000000046 0.108453453447124 0.174131679219782 0.102600725409966
0.00490000000000046 0.109775446336829 0.175233800173297 0.104010666918267
0.00495000000000047 0.111098059966397 0.176337232799681 0.105420333191014
0.00500000000000047 0.112421655404129 0.177440291471591 0.106826509343858
0.00505000000000047 0.113746720316208 0.178541314847673 0.108226000701842
0.00510000000000048 0.115073132610449 0.179638484044054 0.109615520076891
0.00515000000000048 0.116400271303582 0.180730361806822 0.110992394678508
0.00520000000000049 0.117726937266632 0.181815664045443 0.112354098023854
0.00525000000000049 0.119051639584611 0.182893297875178 0.113698193186334
0.0053000000000005 0.120372676559004 0.183962732251854 0.115022116886854
0.0053500000000005 0.121688638215392 0.185023907799888 0.116323781387038
0.00540000000000051 0.122998011766765 0.186076961891854 0.117601890504318
0.00545000000000051 0.124299246740265 0.187122010257938 0.118855891355517
0.00550000000000052 0.125591217287731 0.188158880897328 0.120085981023522
0.00555000000000052 0.126872794139591 0.189187751279199 0.121293181119941
0.00560000000000053 0.128142722363313 0.190209264656628 0.122478916161192
0.00565000000000053 0.129400132713099 0.191224280718926 0.123644877613209
0.00570000000000054 0.130645037211237 0.192233794354616 0.124792699653588
0.00575000000000054 0.1318776613994 0.193238509873404 0.125924034382764
0.00580000000000055 0.133097607098365 0.194239083119997 0.127040663632082
0.00585000000000055 0.134304176497634 0.195236196819494 0.128144824850102
0.00590000000000055 0.135497443964079 0.196230601939728 0.129239364788953
0.00595000000000056 0.136677660637689 0.197222854815468 0.130327253653038
0.00600000000000056 0.137845312269842 0.198213099154259 0.131410840155247
0.00605000000000057 0.139001238616841 0.19920150010743 0.132492441309586
0.00610000000000057 0.140146897242819 0.200188149476329 0.133574533766353
0.00615000000000058 0.141283839619133 0.201172972355037 0.134659452047996
0.00620000000000058 0.142413698128547 0.202156176979294 0.135749638839275
0.00625000000000059 0.143538099596857 0.203137855512437 0.136847421872053
0.00630000000000059 0.144658893210245 0.204118024896098 0.137955086054616
0.0063500000000006 0.145778523765349 0.205096763300626 0.139075266365208
0.0064000000000006 0.146899012384619 0.206073933307179 0.140209868410545
0.00645000000000061 0.148021936749906 0.207049764706009 0.141360465763126
0.00650000000000061 0.149148838615676 0.208024920555561 0.142528140573007
0.00655000000000062 0.150281118306394 0.208999939652601 0.143713097390102
0.00660000000000062 0.151419856880101 0.209975388876665 0.14491541298536
0.00665000000000063 0.152566109972653 0.21095224674175 0.14613499624828
0.00670000000000063 0.153720993546189 0.211931356960886 0.147371074807233
0.00675000000000063 0.154885069783228 0.212913128758064 0.148621982653683
0.00680000000000064 0.156058747997488 0.213897836326987 0.149885726395989
0.00685000000000064 0.157242140977639 0.214885540747114 0.151159884835977
0.00690000000000065 0.158434933998845 0.215876161224143 0.15244146281974
0.00695000000000065 0.159636769210461 0.216869875104922 0.153727279930086
0.00700000000000066 0.160846937056184 0.217866813878859 0.155013833782541
0.00705000000000066 0.162064325285606 0.218866855171253 0.156297283127946
0.00710000000000067 0.163287516501306 0.219869672242676 0.157573785632148
0.00715000000000067 0.164514915819965 0.220874846155583 0.158839423254312
0.00720000000000068 0.165744541072037 0.22188163939928 0.160090549009539
0.00725000000000068 0.166974439997896 0.222888900134721 0.161323393622596
0.00730000000000069 0.168202988645146 0.223895409977779 0.162534740093461
0.00735000000000069 0.169429454039043 0.224900191088639 0.16372300718628
0.0074000000000007 0.17065335212342 0.22590218699398 0.164887205860461
0.0074500000000007 0.171874481190948 0.22690038007049 0.166026567816995
0.0075000000000007 0.173092705852654 0.227893670183463 0.167141199784554
0.00755000000000071 0.174307685529958 0.228880891207804 0.168232158877703
0.00760000000000071 0.175518753306901 0.229861458570658 0.169300928576885
0.00765000000000072 0.176725247600128 0.230835049267434 0.170349122703043
0.00770000000000072 0.177926653039005 0.231801159761525 0.171378491791703
0.00775000000000073 0.179122698854408 0.232759549896329 0.172391474162067
0.00780000000000073 0.180313424622719 0.233710581768786 0.17339125627793
0.00785000000000074 0.18149885102635 0.234654882142895 0.174380967818994
0.00790000000000074 0.182678661347124 0.235593008727473 0.175363406389027
0.00795000000000075 0.183852460507966 0.236525430315287 0.176341229501117
0.00800000000000075 0.185020125985009 0.237452965812727 0.177317274863084
0.00805000000000076 0.1861816975825 0.238376799212826 0.178294498528082
0.00810000000000076 0.187337361513666 0.239298406458472 0.179276037667844
0.00815000000000077 0.188487395374708 0.240219237261399 0.180264855585138
0.00820000000000077 0.18963157229572 0.24114022398621 0.181263146997258
0.00825000000000078 0.190769270255814 0.242061906003523 0.182272305011188
0.00830000000000078 0.191899866202333 0.242984747913243 0.183293212394984
0.00835000000000078 0.193022691088313 0.243908886487644 0.184326028837834
